  9
tree size: 
   7
  9
tree size: 
   7
  9
   14
tree size: 
   7
  9
   14
    25
tree size: 
    2
   7
  9
   14
    25
tree size: 
    2
   7
  9
   14
     23
    25
tree size: 
    2
     4
   7
  9
   14
     23
    25
tree size: 
    2
     4
   7
  9
   14
      18
     23
    25
tree size: 
    2
     4
   7
  9
    10
   14
      18
     23
    25
tree size: 
    2
     4
   7
  9
    10
   14
      18
     23
    25
     27
tree size: 
    2
      3
     4
   7
  9
    10
   14
      18
     23
    25
     27
tree size: 
    2
      3
     4
   7
  9
    10
   14
      18
       22
     23
    25
     27
tree size: 
    2
      3
     4
   7
  9
    10
   14
      18
       22
     23
    25
     27
      30
tree size: 
    2
      3
     4
   7
  9
    10
   14
      18
       22
     23
      24
    25
     27
      30
tree size: 
    2
      3
     4
   7
  9
    10
   14
      18
       22
     23
      24
    25
      26
     27
      30
tree size: 
    2
      3
     4
   7
  9
    10
   14
      18
        21
       22
     23
      24
    25
      26
     27
      30
tree size: 
     1
    2
      3
     4
   7
  9
    10
   14
      18
        21
       22
     23
      24
    25
      26
     27
      30
tree size: 
     1
    2
      3
     4
   7
  9
    10
   14
      18
        21
       22
     23
      24
    25
      26
     27
       28
      30
tree size: 
     1
    2
      3
     4
   7
    8
  9
    10
   14
      18
        21
       22
     23
      24
    25
      26
     27
       28
      30
tree size: 
     1
    2
      3
     4
   7
    8
  9
    10
   14
      18
         19
        21
       22
     23
      24
    25
      26
     27
       28
      30
tree size: 
     1
    2
      3
     4
   7
    8
  9
    10
   14
       16
      18
         19
        21
       22
     23
      24
    25
      26
     27
       28
      30
tree size: 
     1
    2
      3
     4
   7
    8
  9
    10
   14
       16
        17
      18
         19
        21
       22
     23
      24
    25
      26
     27
       28
      30
tree size: 
     1
    2
      3
     4
   7
    8
  9
    10
     12
   14
       16
        17
      18
         19
        21
       22
     23
      24
    25
      26
     27
       28
      30
tree size: 
     1
    2
      3
     4
   7
    8
  9
    10
     12
   14
       16
        17
      18
         19
        21
       22
     23
      24
    25
      26
     27
       28
        29
      30
tree size: 
     1
    2
      3
     4
      6
   7
    8
  9
    10
     12
   14
       16
        17
      18
         19
        21
       22
     23
      24
    25
      26
     27
       28
        29
      30
tree size: 
     1
    2
      3
     4
       5
      6
   7
    8
  9
    10
     12
   14
       16
        17
      18
         19
        21
       22
     23
      24
    25
      26
     27
       28
        29
      30
tree size: 
     1
    2
      3
     4
       5
      6
   7
    8
  9
    10
     12
   14
        15
       16
        17
      18
         19
        21
       22
     23
      24
    25
      26
     27
       28
        29
      30
tree size: 
     1
    2
      3
     4
       5
      6
   7
    8
  9
    10
     12
   14
        15
       16
        17
      18
         19
          20
        21
       22
     23
      24
    25
      26
     27
       28
        29
      30
tree size: 
     1
    2
      3
     4
       5
      6
   7
    8
  9
    10
     12
      13
   14
        15
       16
        17
      18
         19
          20
        21
       22
     23
      24
    25
      26
     27
       28
        29
      30
tree size: 
     1
    2
      3
     4
       5
      6
   7
    8
  9
    10
      11
     12
      13
   14
        15
       16
        17
      18
         19
          20
        21
       22
     23
      24
    25
      26
     27
       28
        29
      30
tree size: 
